14 235
16 236
22 239
29 242
31 243
37 246
44 249
46 250
52 253
63 258
65 259
71 262
78 265
80 266
86 269
97 274
99 275
105 278
112 281
114 282
120 285
131 290
133 291
139 294
146 297
148 298
166 325
169 326
171 345
174 346
176 365
179 366
197 385
199 396
201 407
206 408
210 409
212 409_transpose
12 411
20 414
26 417
35 420
41 423
50 426
56 429
60 432
69 435
75 438
84 441
90 444
94 447
103 450
109 453
118 456
124 459
128 462
137 465
143 468
152 471
156 474
160 477
164 480
183 483
187 486
191 489
195 492
214 fused_2d_features
8 multi_cam_imgs
