14 235
16 236
22 239
29 242
31 243
37 246
44 249
46 250
52 253
63 258
65 259
71 262
78 265
80 266
86 269
97 274
99 275
105 278
112 281
114 282
120 285
131 290
133 291
139 294
146 297
148 298
166 325
169 326
171 345
174 346
176 365
179 366
197 393
199 412
201 431
206 432
210 433
212 433_transpose
12 435
20 438
26 441
35 444
41 447
50 450
56 453
60 456
69 459
75 462
84 465
90 468
94 471
103 474
109 477
118 480
124 483
128 486
137 489
143 492
152 495
156 498
160 501
164 504
183 507
187 510
191 513
195 516
214 fused_2d_features
8 multi_cam_imgs
