7.88345 26.5 -0.786453 2.00664 0.687085 1.07252 -1.49248 9 0.624512
7.92466 22.5 -0.995926 2.15176 0.736415 1.07252 -1.49248 9 0.624512
7.88345 23.5 -0.856278 2.00664 0.736415 1.07252 -1.49248 9 0.624512
7.69172 24.5 -0.856278 2.00664 0.687085 1.07252 1.54004 9 0.624512
7.88345 27.6917 -0.786453 2.00664 0.687085 1.07252 -1.42217 9 0.624512
8.07534 28.6917 -0.716141 2.15176 0.640433 1.07252 -1.42217 9 0.624512
5.69172 29.8834 -0.450756 1.74425 4.24088 1.52221 0.210083 0 0.624512
7.92466 18.5 -1.20589 2.00664 0.736415 1.07252 -1.49248 9 0.624512
7.5 15.7556 -1.2762 1.89878 0.747518 1.07252 -1.53124 9 0.624512
7.69172 17.5 -1.2762 2.00664 0.736415 1.07252 -1.53124 9 0.624512
7.69172 19.5 -1.13606 2.00664 0.687085 1.07252 -1.53124 9 0.624512
7.92466 20.5 -1.06624 2.00664 0.736415 1.07252 -1.49248 9 0.624512
7.69172 21.5 -0.995926 2.00664 0.736415 1.07252 1.54004 9 0.624512
6.5 43.8834 0.280252 2.00664 4.88003 2.15981 0.0700073 1 0.624512
8.69172 33.6917 -0.50618 2.15176 0.640433 1.07252 -1.42217 9 0.624512
-2.30828 34.6917 -0.207904 2.00664 4.54869 1.87831 0 0 0.624512
8.30828 29.6917 -0.716141 2.15176 0.687085 1.07252 -1.46093 9 0.624512
8.5 31.5 -0.645828 2.15176 0.640433 1.07252 -1.46093 9 0.624512
8.5 32.6917 -0.575516 2.15176 0.687085 1.07252 -1.42217 9 0.624512
-4.5 10.2264 -1.3339 2.65447 9.1662 3.28849 -0.0700073 1 0.624512
7.69172 6.5 -1.73513 2.15176 0.687085 1.15029 1.4707 9 0.624512
8.30828 7.30828 -1.77688 2.15176 0.687085 1.23378 1.40039 9 0.624512
7.69172 8.88345 -1.70681 2.00664 0.736415 1.23378 1.40039 9 0.624512
-16.3083 3.5 -0.984958 0.701908 0.790058 1.75078 2.41033 7 0.624512
-0.883448 -21.1166 -3.42958 0.928799 0.847608 1.87831 4.6123 7 0.624512
-1.11655 -20.6917 -3.21913 0.866 0.847608 1.87831 4.6123 7 0.624512
-0.691724 -20.5 -3.28896 0.866 0.847608 1.87831 4.6123 7 0.624512
6.69172 -14.1166 -2.88606 2.15176 0.556962 1.07252 1.40039 9 0.624512
7.5 5.2669 -1.63525 0.400961 0.392254 0.810517 0.630371 8 0.624512
7.88345 5.5 -1.63525 0.461053 0.451482 0.810517 -1.42217 8 0.624512
7.96621 5.88345 -1.77527 0.429959 0.420828 0.810517 -1.56279 8 0.624512
7.5 13.5 -1.45498 2.00664 0.687085 1.15029 1.54004 9 0.624512
7.2669 12.3083 -1.45498 2.00664 0.736415 1.15029 -1.49248 9 0.624512
7.92466 14.5 -1.31509 2.00664 0.687085 1.15029 -1.42217 9 0.624512
7.69172 10.3083 -1.59512 2.00664 0.736415 1.15029 -1.56279 9 0.624512
7.92466 11.5 -1.52505 2.00664 0.687085 1.15029 -1.56279 9 0.619629
