7.45879 21.5 -1.06624 2.00664 0.687085 1.07252 -1.42217 9 0.624512
-4.69172 15.5824 -1.23071 2.84784 9.1662 3.78134 -0.100889 1 0.624512
7.07534 17.5 -1.20589 2.00664 0.687085 1.07252 -1.42217 9 0.624512
7.2669 18.5 -1.20589 2.00664 0.687085 1.07252 -1.42217 9 0.624512
7.30828 19.6917 -1.13606 1.87039 0.687085 1.07252 -1.53124 9 0.624512
7.5 22.5 -0.995926 2.00664 0.687085 1.07252 1.54004 9 0.624512
7.7331 23.5 -0.995926 2.00664 0.736415 1.07252 -1.49248 9 0.624512
7.5 24.5 -0.926102 2.00664 0.736415 1.07252 1.54004 9 0.624512
7.11655 15.6917 -1.31509 1.87039 0.640433 1.15029 -1.53124 9 0.624512
7.07534 14.5 -1.2762 2.00664 0.640433 1.07252 -1.56279 9 0.624512
8.11655 14.3083 -1.31509 1.87039 0.640433 1.15029 -1.35186 9 0.624512
9.30828 15.3083 -1.31509 1.87039 0.640433 1.15029 -1.21319 9 0.624512
8.69172 36.5 -0.399609 2.00664 0.687085 1 -1.42217 9 0.624512
8.30828 32.3083 -0.60957 2.00664 0.736415 1 -1.42217 9 0.624512
8.30828 33.5 -0.539258 2.00664 0.687085 1 -1.46093 9 0.624512
8.5 34.5 -0.469922 2.00664 0.687085 1 -1.46093 9 0.624512
-2.5 35.8834 -0.279193 2.00664 4.54869 1.87831 -0.0700073 0 0.624512
5.69172 36.5 -0.355075 1.74425 4.24088 1.75078 0.109072 1 0.624512
2.69172 41.6917 0.0648469 2.00664 4.54869 1.75078 0.140015 0 0.624512
7.88345 28.5 -0.750195 2.00664 0.736415 1 -1.42217 9 0.624512
7.7331 25.5 -0.926102 1.87039 0.736415 1.07252 -1.49248 9 0.624512
7.69172 26.5 -0.856278 2.00664 0.736415 1.07252 -1.53124 9 0.624512
9.88345 -19.7331 -3.51654 1.87039 4.54869 1.6323 3.0407 0 0.624512
7.92466 29.5 -0.750195 2.00664 0.790058 1 -1.42217 9 0.624512
7.88345 30.5 -0.679883 2.00664 0.687085 1 -1.42217 9 0.624512
20.5 31.3083 -0.914645 0.752853 0.909351 1.75078 0.350098 7 0.624512
-1.5 -13.0753 -2.59555 0.752853 0.909351 1.75078 4.33202 7 0.624512
-2.69172 -13.5 -2.65932 0.752853 0.790058 1.87831 4.3615 7 0.624512
-1.5 -13.5 -2.66538 0.752853 0.975115 1.75078 4.33202 7 0.624512
-0.883448 -13.6917 -2.66538 0.752853 0.975115 1.75078 4.33202 7 0.624512
6.30828 -13.8834 -2.72769 0.429959 0.451482 0.755762 -0.280029 8 0.624512
-3.30828 -13.0753 -2.58925 0.807447 0.687085 1.87831 4.12157 7 0.624512
-2.69172 -12.6917 -2.52549 0.752853 0.736415 1.75078 4.3615 7 0.624512
-3.5 -13.401 -2.65932 0.810517 0.704619 1.87831 4.43156 7 0.624512
13.6917 -9.54121 -2.59555 0.65449 0.687085 1.75078 1.33008 7 0.624512
14.1166 -9.92466 -2.66538 0.65449 0.687085 1.75078 1.33008 7 0.624512
6.07534 -9.30828 -2.39656 2.00664 0.687085 0.932387 1.50849 9 0.624512
-1.30828 -13.9247 -2.73545 0.752853 0.909351 1.75078 4.40233 7 0.624512
7.30828 -15.7331 -2.93862 0.400961 0.392254 0.755762 -0.210083 8 0.624512
6.88345 -14.9247 -2.77243 0.373737 0.392254 0.704619 -0.210083 8 0.624512
-3.69172 -13.9247 -2.72914 0.807447 0.736415 1.87831 4.26171 7 0.624512
-2.5 -14.3083 -2.72914 0.807447 0.736415 1.87831 4.43156 7 0.624512
-1.30828 -14.3083 -2.73545 0.752853 0.909351 1.75078 4.50151 7 0.624512
-0.883448 -14.1166 -2.73545 0.752853 0.909351 1.75078 4.40233 7 0.624512
7.62782 11.3722 -1.52505 2.03709 0.747518 1.15029 -1.50159 9 0.624512
7.24436 9.62782 -1.45464 0.50196 0.490953 0.869345 -1.50159 8 0.624512
7.5 10.1166 -1.4499 0.6102 0.59695 1 0.48999 8 0.624512
7.07534 12.5 -1.41609 2.00664 0.687085 1.07252 -1.56279 9 0.624512
8.92466 13.3083 -1.45498 2.00664 0.640433 1.15029 -1.21319 9 0.624512
7.30828 13.5 -1.45498 1.87039 0.687085 1.15029 -1.49248 9 0.624512
-16.5 7.30828 -0.984958 0.65449 0.736415 1.75078 0.178408 7 0.624512
6.88345 -15.5412 -2.8189 0.373737 0.392254 0.656938 -0.210083 8 0.619629
-1.11655 -14.7331 -2.80576 0.807447 0.909351 1.75078 4.6123 7 0.614746
-3.30828 -12.6917 -2.58925 0.807447 0.687085 1.87831 4.3615 7 0.614746
21.5 33.3083 -0.845309 0.752853 0.847608 1.75078 0.280029 7 0.600098
